6.772583741272
9.171909532703
7.820714723210
4.861737351956
8.726494975594
5.467311183744
7.474020223208
3.503082051042
4.703921122540
9.021516853710
9.475323271902
10.448363492062
8.391847645257
5.844354032438
7.501506351210
5.453820620343
8.884187136383
6.301720527272
9.710848510424
4.615007137467
11.311374288290
10.000069161092
7.603304222652
9.815433508500
10.201835694622
10.335680939165
7.144512847489
4.812532697261
11.244884598367
6.534153252976
8.848645080644
6.548806475843
5.359991207608
3.807388231879
11.347253289830
5.379751593948
6.015664624990
9.384898709542
2.359981625868
14.519006885773
6.668575352217
6.783728120198
9.477034055813
4.247279194178
2.392562366299
6.714961349754
9.226530296059
7.869247352632
12.254632499936
6.284792857699
10.134545752078
6.473758390267
8.922718554917
2.487523053688
9.629916672603
10.896394000101
8.697486443171
4.415071474506
8.542055504482
7.935534812929
4.364204068334
7.511362576148
9.177257492899
8.841074163592
6.151290931133
7.775069884153
4.836281960123
5.933319585018
6.650331705398
11.104829960361
8.104328764256
8.004102356627
8.404336612808
2.393391333293
11.095946968916
4.998686205704
10.653171801435
13.599134821091
4.011264626848
4.898994868536
3.981611160107
5.817215262841
12.561066149249
11.431285008337
9.613639520186
8.716888032603
7.528402364251
3.689094419539
8.944253020311
7.733557251098
4.168963944227
1.846218545630
4.663179153927
7.680821285027
10.691123531554
10.575847695422
6.738600123683
6.987033171608
9.653408057565
7.020399376375
4.257645494163
7.457785836687
9.143511453440
9.231819475214
10.487362558647
12.687045372180
7.635525524248
13.196710521545
5.151132510897
5.081635149656
7.248649500431
5.723090399972
9.139221144734
11.736256970495
10.412490637636
7.951220428208
8.429755283101
6.773093524355
4.527282377450
6.376981005779
2.970014426843
11.800768127125
5.534930140738
6.937604497219
8.445921946129
9.085845619720
11.060315761393
5.847026292313
10.056885831074
2.849239010854
5.441593622103
4.952513939025
10.710057572102
4.473879965616
5.432174058671
10.519019536377
10.993787207306
7.011855235893
5.403391158505
7.859075199078
12.778979069260
3.696543899062
7.503975800916
5.874007276145
6.356249395428
9.957234090664
10.415100031874
11.047335680633
7.894222996049
9.230993196778
10.452735828549
4.950460903121
5.585270448202
2.100870338824
4.497950337286
4.767358410977
4.057381009112
11.749737605966
6.435141244656
2.910877146756
4.264654385052
12.242817700533
6.985525854680
7.813566578973
5.950738367337
9.329931562847
5.584758300870
6.507325041897
8.581508109112
9.977674279033
10.257367559599
5.964430685327
4.883693715003
9.114949963798
6.964586902947
7.937480730511
4.011062588817
6.038116922955
13.076437616563
3.841448683394
6.035324104120
6.348225498167
4.789126643743
9.423039038324
8.387701986710
8.042592643296
6.593891037175
6.124379015408
12.214591286893
4.338115644169
14.677359263821
2.975648410239
7.972189603305
4.595046434443
8.254104909344
12.241584027425
5.998993753047
7.402803553697
5.953680781461
11.107293927525
7.959683884409
6.853566171760
4.767897805033
7.769517730148
9.889772091577
8.657907835628
9.124654311841
5.186854360007
5.861373273261
3.237455346585
6.205656123009
4.922822841423
7.811991846728
11.546914329941
1.837481882399
8.146536384836
3.384201970808
5.697565989476
4.781680957491
8.743956213977
6.907892549646
1.463259128302
6.632498032084
5.246147566928
5.826860243116
3.100542942691
6.769381786026
3.854594034800
12.700712812291
9.954254000210
9.999635452344
2.647240549716
6.156771156889
9.741580705313
9.159122398432
8.731319545932
8.342453821403
5.872481163294
6.716551167229
13.154410923109
9.702034075759
10.982762640098
2.171158179479
7.747493254558
4.769817589085
8.487479829559
7.447119773299
4.867130626474
7.332398573195
2.312590562005
6.450665155658
7.877293608061
8.067366198379
9.163379792871
4.424561120675
7.272323548545
6.141089861453
7.828771087272
6.114780925032
8.402404292031
8.879722607711
10.424137727522
10.527277532367
8.598346552388
10.439294627926
4.853882221080
6.361420478303
7.457460530037
6.897984033775
12.764766895467
11.687287667712
6.574366560347
13.754226362386
6.801261673667
6.325593372257
5.605888393950
5.759718926482
8.640064797402
6.695195470511
4.144077776751
2.017583716492
4.961597818123
8.547551914403
3.525946021173
5.957240680972
10.161433748958
6.137901843961
7.835819673850
7.952515486690
8.829416410773
7.097755729880
8.812192544376
6.517993606305
11.808531202113
5.352244918002
6.914552602232
3.191813585314
4.245780803476
4.370579227484
11.775771971927
11.541127765798
5.673468357297
4.463308280024
3.156989168921
8.650613547974
1.958248444996
12.781569784889
5.923812212373
5.871717409069
7.472884773147
9.008724627105
5.316280606849
7.287822527010
6.544165030108
5.121262687214
3.064198595724
3.429321189163
10.945515710268
5.452965591580
10.762971432258
10.081528992056
9.654657806417
5.193244417080
7.578986408041
5.300209989305
6.080183225906
11.193622750345
6.604565018702
4.942864329990
10.099225519069
5.100526067073
3.633024556704
6.791035699990
12.645375291192
7.357571457294
2.875974963610
6.405916543290
6.455803786279
2.941099530355
7.574420184268
3.921734760357
10.618011197711
5.847120984725
10.164871316560
6.894327000771
2.998117535619
9.144353656738
5.096075382860
5.140821837064
11.649642081686
1.454565837254
11.138488310037
7.866452078157
7.040386949320
9.157451713094
7.430599031983
6.508811822137
13.396343388259
8.919520316653
9.083427640509
6.171296005426
12.786579431272
1.970597215330
4.991765421753
7.939608293933
7.192295770495
6.938324502174
8.600782332576
4.577023946232
8.053922431491
5.608218301621
2.991688685238
7.689527575714
3.581709555403
8.280963109857
8.390894265791
9.383412945552
6.705481886252
8.335719428047
8.204290645240
11.521234719638
9.592017214657
6.354350460697
4.373514091895
1.659058567544
5.287442134566
9.805756993421
2.662406353584
8.844377822111
8.938025606051
5.633771305434
4.018312477968
5.456245917363
10.175503721592
9.353499146016
4.780080861954
3.744029104766
8.887988162086
4.439124811610
9.294582195647
10.808706841745
5.881823035771
12.725013145548
4.396045611107
11.354744030103
8.977190535178
7.994459835239
5.235705371706
4.582009941248
9.691209598794
9.131232832443
5.184612475084
4.384071230416
9.651915439846
7.965962944764
7.576791523540
8.835219329934
6.560812513959
12.028405828869
6.556108520562
5.761932214633
19.077228667981
7.711709368808
7.766061436218
4.914516053950
8.961518559191
3.271509744741
7.884305597868
3.551295904746
4.148917266455
8.084752810522
7.732188322034
5.893390101726
8.406070088729
6.099783254626
12.264912075246
4.486260031913
7.685924377074
8.557268096143
5.842214998595
7.637748279620
5.315364397058
5.495468812909
5.493081967762
2.725259947059
5.061969196993
5.592573155030
8.971226155563
6.413132193245
12.223989208929
5.281735438759
10.112740346723
4.182240756515
8.407440671846
5.831744580796
12.522942067195
14.893292658846
8.236782206599
7.566829074411
3.485787730939
9.822910401350
12.294741134887
4.772314295736
5.412361785825
7.592118066318
7.069065859632
6.253845444082
13.733623723891
6.767395809117
7.882085854541
9.293853713204
4.156851978881
8.538590839914
9.032334343136
8.483223859795
6.996137401208
6.178960735878
6.042480429119
8.555341803180
9.737366121689
6.377971848209
5.244233678552
7.406226630476
8.712764324665
3.812801961608
8.116609821333
10.439737928735
9.332181432102
9.722070116602
4.434475749681
2.722969337471
7.053026362232
4.239542176628
7.148167537717
12.081802942301
2.609054431505
3.194254102150
7.237317797143
4.136850830985
3.833903267267
4.338598258385
5.021937977897
10.455553946328
3.521338223413
5.132879153184
12.451904914726
8.581451973508
5.231675140621
12.380041972225
4.494696293026
5.585612086523
2.619155744658
9.472429897638
3.192195220887
8.420451324030
2.423655094330
11.667827404974
11.308887012293
2.739391656410
7.797738965783
8.155380685754
4.389805109076
5.833931123440
6.163424196668
2.752007793018
5.747086909182
4.009978271108
12.926457281803
6.005593135675
8.588077769247
2.590142860977
5.824156541100
9.714565618631
5.264855255447
5.763256253304
4.750861529597
8.451760789082
8.964713647578
7.655330593995
2.383471266071
5.573774787706
11.201225400443
10.796294615293
6.224473085539
7.776220132113
8.143603764172
7.577976357594
10.484672802949
14.848490465274
13.843926871630
8.631451751986
5.993825593029
8.719669991284
7.271139677389
11.967659188945
11.519993833427
3.789593050166
10.649859773046
5.148876029452
4.761330224421
6.790515206722
9.458371477359
7.794043788057
4.883861709048
8.845021771883
5.583770803315
7.117132073617
3.591040301742
4.593749869925
8.861818417395
9.737026230446
10.361807546638
8.410416225594
5.452385227627
7.464372229623
5.388036429175
8.926828927954
6.283487174321
9.368790446928
4.574461087699
11.271755192021
9.701711595324
7.756695251987
9.885518608544
10.283922161244
10.703727490170
7.258667736070
4.932235933264
11.160489383909
6.772470344893
9.097236498599
6.643276481416
5.300184493892
3.466831890873
11.664147968702
5.483309855897
6.096122179293
9.205845370880
2.017818397010
14.549484365303
6.566328188237
6.474650689733
9.472414296994
4.349425575064
2.341995530796
7.107429885262
9.143325904492
7.782876548662
12.264707423922
6.426523543142
10.507544207767
6.352422604823
8.990613759426
2.517848251569
9.899280948540
10.999688797326
8.597490783521
4.256015840479
8.330638108803
7.990414990164
4.407463100164
7.526684634322
9.201099099505
8.945861957929
6.183286528623
7.507391679602
4.604559835422
5.871643802733
6.568068860674
11.454434740208
8.254052681064
8.120611232446
8.278938096830
2.682408050144
10.744411084505
4.885628046388
10.696268984854
13.578338937635
4.214498298713
4.971878719006
3.960469020535
6.041081313765
12.713998107812
11.412037176504
9.690691251890
8.745389641796
7.632914037713
3.681253266811
8.969582203766
7.713967520854
4.173357739447
1.799814789285
4.756152403466
7.395503210367
10.349675102753
10.536125950068
6.712392811333
7.215450715155
9.728460409178
7.101066735406
4.231467501752
7.526101981888
9.040757806333
9.344061514373
10.605561116348
12.419023637506
7.745685079245
13.128845278103
5.246080613157
5.283475358502
7.022232924854
5.681905794361
9.039841062088
11.995139399542
10.240226327391
7.974465330565
8.554557453704
6.459438443042
4.695943954821
6.251812441176
2.941791784969
12.149386890493
5.280029628113
6.959647179559
8.472177974152
8.950328454125
11.250372582658
5.876400057511
10.089826799679
3.096678701586
5.250668927792
4.904546081502
10.798988851841
4.639034844253
5.662019311998
10.410835578259
11.000407849367
7.350342412789
5.505374741064
7.850483169854
12.788049700551
3.704564675533
7.433788395114
5.937610516290
6.478658840898
10.070276786134
10.212559412170
10.975191508546
7.843445622802
9.433907345035
10.219649695333
5.027878432859
5.647964109126
2.091118042162
4.183414917124
4.670046702013
4.180316521468
11.852002222961
6.159057537199
2.797127439146
4.380471233440
12.337741065440
7.264360435655
7.774307874227
5.893060902582
9.692061129658
5.465121488239
6.601788084077
8.542389036950
10.320730450148
10.481108587518
5.931692188867
4.811869227305
9.320847416274
7.031934531542
7.835789357154
4.001400230682
6.225864727030
13.214582541009
3.896580631222
6.115537517827
6.246361473921
4.846695231639
9.533248792547
8.473266972990
7.653907159223
6.293719921823
6.227852553991
12.282910513133
4.266492984980
14.304522176873
2.885266884776
8.035045516412
4.858082271789
8.487687233955
12.201474729520
6.097351941707
7.258557885966
6.140969666219
11.060191064054
8.026861659635
6.915053419047
4.766558795472
7.669958760420
9.980536862008
8.492428390463
9.193027767374
5.171532665636
5.757689988658
3.525457946810
6.322404415346
4.935986296697
7.937672660731
11.153619067551
1.754972853174
8.262458447845
3.308272526951
5.787772129659
4.605736950438
8.833732814785
6.913401150925
1.424950704054
6.672779218286
5.368896874868
5.872447314156
3.200626244170
6.621783800899
3.808026133108
12.787263751175
10.330867823318
9.640939996139
2.757265557759
6.195831849892
9.842623157406
8.758441091184
8.663382762365
8.412554294435
6.149414617052
6.647373803537
13.146495413686
9.695899050114
10.952665632685
2.551937786078
7.846662597797
4.680473500780
8.705900342800
7.623270766928
4.881243349543
7.251348846999
2.471392359199
6.371037880186
7.970040881376
8.191189578219
9.210020476063
4.348585476361
7.178847787890
6.132345242676
7.988300032643
6.121380582101
8.467419515113
8.844374709119
10.108599306184
10.368073415623
8.675975657007
10.405300496392
5.245364537082
6.437881086997
7.469195369952
6.998564684430
12.784120864380
11.678363345560
6.667460734502
13.673262525691
7.046534513528
6.410217061283
5.636158222499
5.782562297019
8.408639583211
6.401311977963
4.204489952845
2.108284920412
4.808378774463
8.247484641474
3.569603566678
5.981233079990
10.191107523884
6.219524549289
7.947229871549
7.828598921164
8.672487193417
7.484891961181
8.864853720732
6.496544275203
11.719187205365
5.420043549315
6.891450354178
3.315566319009
3.921314830258
4.112746195298
11.789438708451
11.551743224711
5.877557960390
4.441951637795
3.126016893224
8.678172143466
1.727510430512
12.857326787111
5.850847398489
5.828778699216
7.753513890473
9.191794977869
5.420932868208
7.334705728257
6.255547668494
4.920974047659
2.978125063034
3.460719297145
11.043920080825
5.510866496275
10.884575152743
10.007329900591
9.819390636265
5.512021939501
7.489131352257
5.345489029874
6.015474712961
11.049718347011
6.698369448968
4.880247845642
9.815832644253
5.379230832050
3.546099386417
6.758808441753
12.545379737373
7.723652760782
2.982407884632
6.452283490878
6.661193626426
3.102440812238
7.480010921618
3.990881132931
10.557617551558
6.068695670744
10.206683166317
6.865297108527
2.845299642363
9.078628072677
5.124752272799
5.254381410015
11.555694200371
1.100885553330
11.101408313650
7.817236050919
7.015632223875
9.133901635224
7.555996995851
6.405025648168
13.605841656549
9.192969341275
9.076528890793
6.102812441168
12.822792547250
1.737412422527
4.871982579941
7.943440384495
7.101012113159
6.563199903341
8.725394398972
4.451001504125
7.893271382245
5.831873886190
2.930416455218
7.718227297907
3.716196002807
7.978722507463
8.354438716633
9.465085991560
6.739795032005
8.688623414858
8.166844312450
11.421661687429
9.602754479887
6.145184625062
4.344030639686
1.715570446318
4.945049149399
9.838433984302
2.711024458496
8.876071657520
8.722209104487
5.735154346791
3.969306893293
5.403402164910
10.398347093840
9.663168469858
4.726242417930
3.659824912844
8.789171771059
4.063848426593
9.407839076246
10.683647259928
5.962284907726
12.904228240433
4.383785789013
11.234190852880
9.166648879387
7.948666205830
5.188202769059
4.581719795718
9.982681446502
9.428276884716
5.265311630253
4.423307817203
9.387298536552
8.124189149213
7.497277425795
8.856103670299
6.736930951487
12.393730353001
6.579142113782
5.820445176245
19.271365135146
7.974871386548
7.697263262820
4.812207599002
8.745998834594
3.102807016644
7.784209337074
3.522138058867
4.380481812212
8.091250221827
7.845370358202
5.995291688394
8.715621440496
6.429723385336
12.231104928970
4.493670054028
7.540199272629
8.664318977232
5.853358968691
7.716588266586
5.574242469352
5.672318945767
5.424708213309
2.676009119551
4.992143529916
5.562761254615
8.889979478908
6.481393265560
12.436364730780
5.282507856161
10.014304800816
4.220835447242
8.233384975165
6.093385569974
12.640554722659
14.789923742554
7.964428726776
7.517970553608
3.497070110003
9.822566923653
12.072466978850
5.164623623618
5.291595863123
7.705450331960
7.088387435694
6.406165669832
13.746813193085
6.744179050047
7.561609673274
9.457795059620
4.247419371970
8.583846016105
9.408639009165
8.114805314438
6.942057552255
6.103622443250
5.751985444117
8.838597354577
9.705622035828
6.455645134519
5.419182091714
7.577270028991
8.596763886159
3.895219244692
8.053623341301
10.755590224385
9.351212126918
9.664008175556
4.192241622793
2.684072261991
7.076584457201
4.326052628986
7.195766390515
12.428006556769
2.694265373487
3.223316778703
7.159919179912
4.101223801926
3.883650714973
4.351622307687
4.744137323918
10.245006720952
3.404509602655
5.038165560819
12.683803781356
8.573252862045
5.161152827860
12.262402770942
4.195349917193
5.917592322972
2.636999553152
9.437349532643
3.282199178408
8.649838910009
2.487873465947
11.721584557540
11.593268869331
2.636690781995
7.795954438654
8.071657667632
4.643252610265
5.818131271170
6.240278562099
2.772577673664
5.898165599953
4.052403028956
12.968328962276
5.995948300020
8.614190565720
2.279647786715
5.830431033447
9.662295848519
5.269888655825
6.096960431967
4.723207823127
8.328793773329
9.026012637672
7.545601614766
2.423080411264
5.675306740452
11.485613281779
11.074227914573
6.186977623112
7.764819240836
8.303112492105
7.718954024287
10.503103965363
14.808284711855
14.001279234792
8.663503806362
5.958288746635
8.736211800060
7.495112952178
12.273359943883
11.419477546569
3.745254550957
10.530668916604
5.297880170828
4.734848274991
6.810320828725
9.749568179439
7.787685778634
4.908561062103
8.962606237969
5.723093153026
6.763472658952
3.681440772211
4.482918819971
8.714879831003
10.005167361897
10.274479944728
8.430779970045
5.059537964777
7.448471397183
5.323336452722
8.970662352308
6.290403734467
9.028077673536
4.536664170196
11.231917746557
9.408629554891
7.927058176951
9.955952314579
10.365792278253
11.066821671813
7.389499103968
5.050813775483
11.075641168038
7.022951076989
9.352097151622
6.738273168858
5.241568809104
3.139858394869
11.980946256050
5.587094926681
6.177291195862
9.039947718709
1.697936435722
14.578808774823
6.462759461238
6.173134880093
9.483562363121
4.452857939413
2.297721516271
7.498015518230
9.076696679615
7.697260244479
12.275048257225
6.584292770191
10.877324541009
6.231687727866
9.057958013577
2.605416187370
10.171596671024
11.101730310802
8.497190841983
4.128662588857
8.132477680437
8.046075901392
4.452416890295
7.561636156892
9.241034757518
9.050082723682
6.217202055687
7.249150600173
4.394310750983
5.811447036772
6.485557081491
11.801002309731
8.416925964922
8.235116025112
8.152319408871
2.999613883170
10.391517885143
4.770510955384
10.738033834235
13.567993643001
4.441363157997
5.046467305611
3.943004149152
6.279217651091
12.872040222798
11.393173262001
9.767533009757
8.791296399998
7.754603630544
3.677590674838
8.995245421943
7.714976867933
4.215409940520
1.760938453081
4.850791727015
7.116952610185
10.007975984138
10.496915108369
6.687203308765
7.454672358616
9.817444270185
7.181165739849
4.208759397232
7.613161041780
8.953758822471
9.455597464876
10.723392376567
12.157042338932
7.875165339059
13.060714507546
5.341940595687
5.505127306520
6.810826593393
5.642525740440
8.940386584897
12.259752053741
10.076658145835
7.997398089656
8.679046775248
6.154364420513
4.891573712475
6.125920717381
2.919730170289
12.496772225585
5.041376297202
6.981521513984
8.498276129176
8.830589070783
11.447232446331
5.908376885186
10.121988722453
3.371068934742
5.081067698514
4.857455575937
10.885901887504
4.827558427852
5.908425293455
10.302464771251
11.007779403208
7.690198611851
5.630191647595
7.843545565506
12.797078710802
3.752971808511
7.384244581532
6.002758251468
6.600246861960
10.197296783332
10.020448233257
10.902817378097
7.793299443523
9.648681012235
9.996603479134
5.106743977412
5.712466658278
2.155946093620
3.883052430598
4.573576643451
4.302749412278
11.965847765227
5.896150125980
2.683829531002
4.495541057727
12.442374013073
7.550470437143
7.737089447010
5.837556157087
10.052903266518
5.369528392710
6.696156714254
8.505282265102
10.663158340683
10.711541464991
5.901133875281
4.742904858786
9.537126978026
7.118824894924
7.734687063225
3.994906184320
6.429894937183
13.361440620938
3.954667661440
6.196825383571
6.168124091554
4.934349590824
9.643061502142
8.558689221461
7.262771693100
6.003625452840
6.332453337118
12.351492927658
4.231663011798
13.927925188260
2.796769863964
8.098792929749
5.135889932120
8.730077974482
12.161330243170
6.196269838939
7.132356272691
6.346947729711
11.012054867667
8.094923553366
6.997307613308
4.796658615864
7.570547018619
10.070098134501
8.339961920390
9.277863469310
5.158946281828
5.654967286223
3.832033678527
6.458825096928
4.950204738724
8.064037213370
10.757704817428
1.761184516089
8.378186390232
3.234793677296
5.902554506366
4.458044358820
8.923769025675
6.920346250694
1.493378577616
6.735037833338
5.491226108994
5.919552508303
3.344726223771
6.494636127499
3.763826135858
12.873543360059
10.705631348228
9.285406093783
2.869037558573
6.236109208817
9.958994120721
8.354320306994
8.595574348999
8.481590363911
6.435795658272
6.599557287385
13.139284013466
9.687910387756
10.933091907959
2.933981783664
7.946209672403
4.592849215060
8.934595544275
7.813632729926
4.897218277221
7.171062187106
2.679005784599
6.315105034946
8.062420539422
8.314257004521
9.273002276546
4.307307289165
7.085991640085
6.124459813826
8.161297194467
6.153169072252
8.533416238004
8.810653922850
9.795784909215
10.220640213899
8.753929779695
10.370513532917
5.634209674525
6.536602615852
7.481602088288
7.098950164448
12.815230617088
11.678395873338
6.760085186884
13.592124924551
7.302737358922
6.515744276224
5.667675848178
5.807197737698
8.188117319442
6.117150364466
4.266921870325
2.202586797893
4.684103533367
7.953345742165
3.617142096510
6.007375208373
10.234770369091
6.324248123804
8.058548265646
7.704032791604
8.528363357155
7.870362302119
8.918660724987
6.476805175371
11.642707606725
5.514359746511
6.869649909591
3.439425058901
3.610594694361
3.877664643251
11.803584077886
11.562961931667
6.099782317491
4.453947462169
3.099846200554
8.706765138206
1.564427625139
12.942920168652
5.777820602343
5.788412968852
8.040779120054
9.383633896401
5.524343110646
7.383473729170
5.978293204900
4.744823741032
2.894244677663
3.496091836611
11.154276658935
5.592485497425
11.004272479511
9.932374569540
9.993341670353
5.838659334620
7.399654890164
5.392867682153
5.975501731628
10.915378232801
6.792274702130
4.819311968898
9.538363410796
5.673118035381
3.461494492648
6.728141143915
12.456866885973
8.090071547028
3.089085450694
6.500299091644
6.881889049307
3.302674431185
7.386298062141
4.062241254788
10.511645648966
6.304481243366
10.246731498017
6.838120686901
2.741348233856
9.029748462324
5.156065956998
5.368427888473
11.474314375574
0.789636610605
11.065048237178
7.769393551952
7.010929076543
9.123988193702
7.681289297876
6.303066899136
13.819695041917
9.471506841318
9.071255990224
6.036584579537
12.869076367901
1.571490894981
4.752378125108
7.949022905812
7.030409838003
6.189560297671
8.850190802048
4.324326300330
7.748251824872
6.072974593528
2.872738623122
7.748115795129
3.885070715132
7.683477221204
8.319249704200
9.546432616146
6.792530527561
9.040600731557
8.130174148982
11.320830888694
9.625285446015
5.952551912422
4.317515469474
1.779722216457
4.610883503882
9.885099653459
2.764528930686
8.908592470122
8.516968271960
5.862536702705
3.923346191365
5.352144473900
10.627708837105
9.974436092827
4.675364315527
3.576663276278
8.706764582713
3.692399652366
9.521042745677
10.558142899183
6.066713183457
13.091436631730
4.375725468413
11.113076537788
9.368736375332
7.921622803961
5.143069935229
4.581771514037
10.274291556081
9.725807346244
5.344570921720
4.466387032290
9.130676784982
8.298489928919
7.417865831357
8.878413014047
6.928490313785
12.754286596442
6.603535831051
5.880150112307
19.464410212043
8.246436543727
7.629986247340
4.710050785327
8.540173126845
2.978153444204
7.683283953239
3.496980335012
4.633263432916
8.113879859209
7.957562823384
6.095637763184
9.026725323425
6.761868058606
12.196496371701
4.503513049026
7.411532172090
8.787659260344
5.866883790286
7.795606846950
5.845100829005
5.868958997297
5.358137713229
2.631292994656
4.953088924759
5.561708387295
8.807880704023
6.549603641057
12.653569757852
5.312427353305
9.915456688659
4.262949920349
8.074982476818
6.365931720336
12.757097174347
14.683147196832
7.699473696219
7.489650605558
3.512747227107
9.823246773948
11.857866302647
5.557975239391
5.170995545282
7.817872679812
7.128193132508
6.574063348600
13.757170707467
6.722457224631
7.247708765527
9.635008021592
4.338448657686
8.629360785658
9.784071991782
7.747930614028
6.889765903181
6.029170921935
5.473018992547
9.127470749434
9.675022700465
6.534541190392
5.615085798013
7.763445518766
8.480597985135
3.979420391333
8.008957075790
11.072405057716
9.371179265081
9.605963547771
3.974286877065
2.703799420295
7.100883703736
4.413293006925
7.260682681709
12.770825101223
2.779402015867
3.256780427662
7.103880122058
4.103760157744
3.936349383685
4.367892125196
4.482824326790
10.042383425599
3.287029703004
4.944547316175
12.921607444379
8.579704358672
5.090823478283
12.143544188997
3.912520859199
6.256082354543
2.660914973185
9.402545032275
3.413588274974
8.887365543937
2.555063692341
11.776020579752
11.879567408462
2.590321792400
7.794794180441
7.988468490091
4.915230260495
5.829039364116
6.317681097399
2.798955756562
6.068716840857
4.132385575610
13.009183058934
5.987929647844
8.657559144850
1.999296274555
5.838985492803
9.610718707459
5.303524901835
6.436138700492
4.698874886513
8.204858165561
9.101859852955
7.454462156421
2.468847574122
5.776619602845
11.770729551542
11.352778880191
6.151025125882
7.755216245026
8.476876372936
7.874476686100
10.522604196802
14.766533861422
14.166700372730
8.713416892207
5.923859027815
8.753204470651
7.729270530559
12.579183897306
11.319021302288
3.704739530498
10.422947649094
5.471449324446
4.711452950198
6.831880611455
10.044397579546
7.801304994876
4.935762112804
9.079059163507
5.883276141428
6.414035920554
3.774024384439
4.371484591609
8.581552393986
10.278766718636
10.186276173472
8.452815461453
4.666375523203
7.454227202383
5.259849970934
9.015527337354
6.322612613903
8.689514742560
4.501743993312
11.191740142324
9.121650367212
8.113148609843
10.026554890158
10.447227361875
11.424405565361
7.535200443009
5.168127492429
10.990307021036
7.283754583552
9.611927976341
6.833600124533
5.184216202444
2.831055917598
12.296903383093
5.690890837606
6.259077311158
8.888228121608
1.415553061921
14.606747302176
6.357913762204
5.881132659098
9.510395054815
4.557377061228
2.260058284483
7.886309275993
9.026910695047
7.612420552117
12.285525762211
6.756234550833
11.243356558195
6.111595748440
9.124541301695
2.742793501183
10.445846437387
11.202349836050
8.396605081883
4.036900702006
7.948850212002
8.102321988347
4.498864284207
7.615553549911
9.296523581396
9.153564995355
6.252877861016
7.001907324493
4.209725596097
5.752815854621
6.402656465841
12.143863251361
8.591285257241
8.347438111878
8.024479119593
3.337776186189
10.037888494479
4.653391728457
10.778390523211
13.567935155862
4.687641144893
5.122541918899
3.929109316867
6.529359402362
13.034447519233
11.374526132077
9.844043288215
8.854002812403
7.892194668471
3.678033867485
9.021045766606
7.736337532616
4.293932802710
1.730116990963
4.946887967744
6.846891584396
9.666782708871
10.458127119372
6.662897701670
7.702994182078
9.919453994098
7.260479882977
4.189542929350
7.718114306438
8.882763918422
9.566226150369
10.840683029326
11.901762152579
8.023093423852
12.992266268783
5.438525840820
5.743970467724
6.616034510715
5.604897835709
8.840815902930
12.529188199934
9.922296601399
8.019981072021
8.803047606332
5.859518216399
5.111005431938
5.999322728097
2.903881278932
12.842246022967
4.821231591871
7.003195436865
8.524149405301
8.727259288184
11.650031998913
5.942797647725
10.153171730176
3.665574495165
4.935339925173
4.811357732459
10.970579565045
5.035851682769
6.169016756188
10.193891171688
11.015725606071
8.030376518063
5.775667557086
7.838144547417
12.805961804692
3.840261595174
7.355576860391
6.069249384272
6.720863211892
10.337521081545
9.839576300568
10.830142794414
7.743693457805
9.874150596050
9.784502448541
5.186938489183
5.778578950566
2.289134659692
3.601143819305
4.478070918650
4.424550973269
12.090643173780
5.648577413972
2.571203142163
4.609686342897
12.555926844844
7.842351663235
7.701868852920
5.784222159974
10.411781374088
5.298810984061
6.790306362188
8.470156707830
11.004145309072
10.947472400497
5.872732031500
4.676938140975
9.762608236993
7.224274999250
7.634180082669
3.991447519703
6.647910227037
13.516172716374
4.015439243192
6.278997084907
6.114209936555
5.050030905651
9.752298726819
8.643905349820
6.869650366811
5.725752834073
6.437976896591
12.420205471734
4.235385751693
13.547887898680
2.710668000911
8.163279916780
5.425336007590
8.979800722497
12.120984348949
6.295594339697
7.025081241953
6.569661255871
10.962867514216
8.163702650717
7.099362294305
4.857476694228
7.471243369677
10.158249853730
8.201149857231
9.378532062584
5.149038383088
5.553243804389
4.152554241604
6.613183747115
4.965293046865
8.190911145128
10.359426056979
1.855673474133
8.493523288618
3.163896255706
6.040224994005
4.341458118485
9.013891152730
6.928595028775
1.654390607347
6.818323766377
5.612977046426
5.967984723167
3.527073337587
6.389379557940
3.722175378971
12.959345643634
11.077995485941
8.933564636702
2.982268800633
6.277551684123
10.090127670509
7.946994479052
8.527925302307
8.549359731789
6.729575379589
6.573401975306
13.132647676817
9.678050808123
10.923967502714
3.315736266784
8.045975110433
4.507020700663
9.172177315036
8.016495603238
4.914833463213
7.091525976441
2.924854844202
6.283310016309
8.154220658022
8.436388607352
9.351651448486
4.301678249505
6.993756769194
6.117423664242
8.346496082277
6.209275900506
8.600234292485
8.778550976858
9.486611883892
10.085907051056
8.832131503015
10.334756871722
6.020013140572
6.656035879933
7.494494042644
7.198957718594
12.857715685841
11.687072216867
6.852053156219
13.510692872613
7.568177988530
6.640840043917
5.700395193934
5.833491301802
7.979820165222
5.844956607535
4.331296320226
2.299961732024
4.591654521321
7.666397389266
3.668439411914
6.035487408778
10.291865341133
6.450384491570
8.169587195943
7.578827594513
8.397742186462
8.253691434114
8.973460885538
6.458798763896
11.579365822084
5.633837828221
6.849152794103
3.563270882088
3.318119721597
3.670437145535
11.818114812751
11.574683126548
6.337778178465
4.498656949687
3.078576004186
8.736313583724
1.491048969687
13.037905154012
5.704804357810
5.750569843744
8.333204628479
9.582927672264
5.626343022739
7.433944133168
5.714565691591
4.596293993073
2.812918443756
3.535202492622
11.275784174635
5.695996775284
11.121861057409
9.856646086618
10.175625827007
6.171227137082
7.310612088278
5.442280525764
5.960813113476
10.791049038307
6.886205157821
4.760114939188
9.267724304130
5.979831644878
3.379392725248
6.699075617982
12.379984988686
8.456047974934
3.195747571526
6.549772603853
7.115870813852
3.534686754798
7.293299821031
4.135560062175
10.480114381746
6.552202461391
10.284799671390
6.812762450224
2.692289313441
8.998006446104
5.189879394471
5.482767323144
11.405767023451
0.594554341665
11.029340501567
7.722902999696
7.026170626025
9.127545470880
7.806300912661
6.202976771056
14.037035480906
9.753892824858
9.067469282482
5.972684659322
12.925177237251
1.496335466046
4.633011180209
7.956288558722
6.981356245007
5.818217027727
8.974981441701
4.197035103562
7.619917661578
6.329287254952
2.818897150252
7.779035730395
4.083997636021
7.396644949487
8.285319825285
9.627307851624
6.862586084016
9.390967727194
8.094276881023
11.218618796223
9.659570364237
5.778710260657
4.294037101090
1.850792834398
4.287378096554
9.945458158595
2.822594833480
8.941778675385
8.323274660040
6.014196785278
3.880449053091
5.302403745890
10.862381644841
10.286352740351
4.627473586835
3.494771866088
8.641431389329
3.326689063416
9.634037623932
10.432164470793
6.193642080399
13.285809024015
4.371830887344
10.991357367402
9.582364032252
7.913480543674
5.100354304825
4.581914411190
10.565071799268
10.022784337864
5.422171001081
4.513104845226
8.883062751327
8.487688795833
7.338504002143
8.902017957798
7.133309862556
13.109508479217
6.629071786299
5.940805220096
19.655688680348
8.524708727995
7.564278899562
4.608096172269
8.345224596965
2.904710273379
7.581562440969
3.475881568047
4.903427291059
8.152058122296
8.068583364926
6.194247975224
9.338268757019
7.094817182116
12.160883184908
4.515662300639
7.300814595435
8.926366373255
5.882674025459
7.874590438464
6.125476898275
6.082820278723
5.293401116870
2.591302366360
4.945581158494
5.589745362647
8.724952079885
6.617640288652
12.874829275242
5.370552155352
9.816142162116
4.308373025748
7.933042187385
6.647269101665
12.872350268064
14.572903783069
7.443675071029
7.482323987007
3.532725018423
9.824821262642
11.651549852594
5.951893147233
5.050585101248
7.929242198017
7.187777010313
6.755581353033
13.764466107850
6.702253051360
6.941740617598
9.824401253666
4.429699140853
8.674932948699
10.158040731631
7.383165760885
6.839255105032
5.955565927205
5.207706537570
9.420985044989
9.645453716887
6.614479847397
5.829176911719
7.963292422533
8.364269359014
4.065182700750
7.982512498981
11.389304236341
9.391904122125
9.547943133709
3.785485037782
2.781255123128
7.125882015898
4.501053847129
7.341725506398
13.109590300706
2.864171492259
3.294460378737
7.069685030231
4.144361147991
3.991827399775
4.387337954562
4.241859652598
9.848682087653
3.169043259326
4.852057349772
13.164380637883
8.600543669080
5.020753092672
12.023431551228
3.650853339861
6.599636333677
2.690664209968
9.367863110816
3.581022550133
9.131791090796
2.624748094932
11.830959830647
12.166921895994
2.602349006128
7.794203908146
7.905855414112
5.202426217941
5.866225979945
6.395501666984
2.830908263560
6.256576893113
4.247440230786
13.048895658534
5.981542886469
8.717856571124
1.763622800799
5.849704205365
9.559720318083
5.364812607672
6.779343012148
4.677875087195
8.079955477136
9.191860029628
7.382653268141
2.520405611594
5.877515164888
12.055545286219
11.631050777516
6.116599755665
7.747353500273
8.663492967939
8.043119509489
10.543018166726
14.723014581118
14.339369354761
8.780529508416
5.890445050860
8.770569611009
7.971949766902
12.884316283907
11.218530996180
3.668224599037
10.327141625004
5.667124304734
4.691101886878
