179.976242970073
179.980340927253
-179.988304681856
179.928097863927
179.981958154117
179.946804624686
179.994494828331
179.969978306672
179.996553377770
-179.992132033822
-179.943443284733
179.943629680832
179.961262743061
-179.995401672961
-179.966563681805
179.998316850981
-179.940349480320
179.987874474663
-179.984559279482
179.964439758980
-179.964278379652
179.957692887719
-179.959818003899
-179.968732096530
179.907413086533
-179.971012477212
179.943322244888
-179.969467445991
-179.974260551206
179.992638013998
179.961505283239
179.942857490320
-179.980775953085
-179.944493155120
179.932827272434
-179.990423391328
-179.961946473331
-179.968239542050
179.963105935862
179.950288011722
179.934419592548
-179.985269433523
-179.981150215504
-179.952505139469
-179.960232311034
179.965884684152
179.969231366879
179.928772394888
179.948268640153
-179.981909112297
179.999168804633
179.981396349049
179.971643542023
179.999211898751
-179.943788907497
179.967411793815
-179.978696596598
-179.976029949455
179.932563176105
-179.969040478060
-179.996607941583
179.982587736909
-179.944578802760
-179.951092937255
-179.973669135883
179.926748912093
179.981083994842
-179.910351886602
179.984584444095
-179.954493164189
179.986976384571
-179.975625552458
-179.980346974888
-179.999516336767
179.944276530381
179.948360620528
-179.936983352616
-179.960520812172
-179.945792129800
-179.973543076309
179.982469399221
179.990297197845
-179.958708825597
179.960610340602
-179.962493564249
-179.940921203297
-179.965289603794
179.920949917451
-179.995261506743
179.891687574998
179.959494985309
179.996912304482
179.998265027986
179.916916684813
179.984219342992
-179.974657066525
-179.965493886929
-179.996881250472
-179.985529018572
179.966207555747
-179.922752865142
179.909153620074
-179.987841770080
179.950037957364
179.976447118062
179.952762380883
179.998186326675
179.996302886671
179.993287397594
179.963049625838
-179.971625338862
179.993066427428
-179.982929821748
179.962720872567
-179.991762803449
179.996908662981
179.972977434691
-179.957235638322
179.958246353661
179.967758771146
179.990534085822
179.924744442509
179.968336471592
-179.981472867913
-179.986994525764
-179.983728425997
-179.959239298175
-179.998337772211
179.987337963516
179.985113740089
179.989060635100
-179.990077650427
-179.998096331125
179.978519366821
179.981100854951
-179.955920510161
-179.976282751362
179.994796312828
179.961405663445
-179.954556272902
179.952575470166
179.960705362802
-179.976578084108
179.856120471770
179.963913340430
179.893473006668
179.989050679078
179.939908699803
179.993060515722
-179.984308647604
-179.886876749035
179.887163435678
179.922510259052
-179.990840274244
-179.933147343760
179.996540668414
-179.880670780763
179.975824542649
-179.969077648550
179.928852880152
-179.928656082383
179.915379326162
-179.919690071011
-179.937481874371
179.814976345510
-179.942055957256
179.886679466966
-179.938885774924
-179.948563279449
179.985227418015
179.923045073347
179.885689967807
-179.961535040094
-179.889003724069
179.865713067260
-179.980887321335
-179.924122464249
-179.936404547872
179.926171440444
179.900635808344
179.868951330764
-179.970571046805
-179.962315735110
-179.905014744489
-179.920519018901
179.931774835539
179.938427373486
179.857409442143
179.896591707452
-179.963800104039
179.998345859608
179.962809472955
179.943298851630
179.998447713371
-179.887572126434
179.934862563854
-179.957352319309
-179.952198797101
179.865125942171
-179.938048770071
-179.993174923274
179.965242328651
-179.889225242651
-179.902274733610
-179.947347972564
179.853383900424
179.962181928069
-179.820830225439
179.969159570046
-179.908935060518
179.973963416478
-179.951287015944
-179.960766021954
-179.999080063748
179.888493872011
179.896703113920
-179.873914753501
-179.921074875115
-179.891531061776
-179.947062033553
179.964927356878
179.980603409367
-179.917387762137
179.921097633325
-179.925038943688
-179.881890958870
-179.930590684785
179.841905725780
-179.990530822334
179.783523328508
179.918999358657
179.993825100969
179.996532652773
179.833750881850
179.968431915534
-179.949312356475
-179.930969242568
-179.993770247485
-179.971064650806
179.932334366902
-179.845567377101
179.818276654659
-179.975724432137
179.900053978668
179.952912095697
179.905522986028
179.996375029012
179.992588343134
179.986594314240
179.926128042537
-179.943249151968
179.986093149961
-179.965946074047
179.925383300334
-179.983684272825
179.993853080522
179.946034894972
-179.914576417911
179.916558711877
179.935547905509
179.981105398352
179.849537593401
179.936646524101
-179.962972848294
-179.973964579267
-179.967432309938
-179.918522486942
-179.996660676540
179.974690685199
179.970260742631
179.978163226407
-179.980141310942
-179.996183397809
179.957045576888
179.962203110230
-179.911888199168
-179.952578903584
179.989679606520
179.922845164731
-179.909128354443
179.928997460919
179.941093303670
-179.964820341478
179.784067832089
179.945865474318
179.840004991924
179.983667081169
179.909791256513
179.989521406180
-179.976529638689
-179.830300581181
179.830601670949
179.883742394351
-179.986315733471
-179.899751064368
179.994671574300
-179.820963854612
179.963849956577
-179.953555029275
179.893239728016
-179.893132866372
179.873059502243
-179.879616442784
-179.906249465360
179.722689600446
-179.913130615637
179.830072405374
-179.908255153331
-179.922908478823
179.977768136391
179.884619192166
179.828497570456
-179.942277233954
-179.833531602165
179.798657344258
-179.971391813963
-179.886528372474
-179.904495193352
179.889196410148
179.851043553375
179.803595192555
-179.955904871537
-179.943496561691
-179.857528774141
-179.880860491232
179.897670528292
179.907587819475
179.785910732428
179.844969082867
-179.945673087574
179.997531245815
179.944239358936
179.914965890161
179.997707516623
-179.831349768116
179.902352423402
-179.935967116446
-179.928506507731
179.797688657258
-179.907024884482
-179.989701002277
179.947963726089
-179.833939359308
-179.853545417782
-179.921036571931
179.779904715750
179.943293912349
-179.731435406440
179.953725584906
-179.863325493522
179.960961282551
-179.926984499002
-179.941257153434
-179.998691236237
179.832651922446
179.845027703843
-179.810794550839
-179.881662108829
-179.837216628493
-179.920557018843
179.947373885393
179.970918768532
-179.876036823657
179.881462204504
-179.887636148881
-179.822909098840
-179.895903385677
179.762867731436
-179.985808083335
179.675506843567
179.878513313409
179.990738452876
179.994802782675
179.750502484443
179.952637625730
-179.923965853074
-179.896426084733
-179.990667063054
-179.956607012107
179.898380531686
-179.768443812183
179.727369393226
-179.963647951270
179.850048072131
179.929394871653
179.858281772982
179.994566081820
179.988856387042
179.979920567475
179.889235321970
-179.914871530590
179.979080073565
-179.949048686619
179.887987484270
-179.975765465777
179.990833222387
179.919172288265
-179.872022633241
179.874936989653
179.903367337861
179.971713748756
179.774379401345
179.904930110947
-179.944499752678
-179.960910149542
-179.951111547985
-179.877849777126
-179.994968629190
179.962058107816
179.955440892069
179.967307838834
-179.970190987458
-179.994261105662
179.935578594836
179.943306908466
-179.867902734936
-179.928888309158
179.984649604215
179.884318461178
-179.863716375361
179.905508902194
179.921504739975
-179.953031603541
179.711939996801
179.927814480793
179.786400419713
179.978343550218
179.879626064703
179.985936046443
-179.968794775418
-179.773714991352
179.773944809954
179.844959005583
-179.981827974854
-179.866374919303
179.992709686263
-179.761228665605
179.951950460887
-179.937991365029
179.857600704668
-179.857708439501
179.830733617584
-179.839597339948
-179.875035009442
179.630552582212
-179.884236609832
179.773501846440
-179.877575742470
-179.897296400750
179.970260094453
179.846227459569
179.771280454622
-179.923002513243
-179.778076670482
179.731660036457
-179.961936864939
-179.849164593763
-179.872511678193
179.852180752808
179.801511423735
179.738351105914
-179.941270923423
-179.924692699755
-179.810047185456
-179.841257085010
179.863571833197
179.876712525459
179.714275957118
179.793400630505
-179.927528191212
179.996725042596
179.925685987922
179.886644606726
179.996991375967
-179.775121944450
179.869881480105
-179.914540946702
-179.904953034724
179.730251744476
-179.875968840689
-179.986186252841
179.930751867219
-179.778721166909
-179.804905009835
-179.894735007276
179.706311194185
179.924420051802
-179.642167764975
179.938282684058
-179.817664289666
179.947970176044
-179.902718101713
-179.921820376336
-179.998349913159
179.776750616244
179.793334640267
-179.747623146836
-179.842282411806
-179.782848688653
-179.894028164887
179.929809020299
179.961243421752
-179.834656026912
179.841704385731
-179.850285182723
-179.763975409655
-179.861227850996
179.683836267958
-179.981093426626
179.567637614294
179.838037028781
179.987652423277
179.993075325456
179.667171415927
179.936836389839
-179.898617530225
-179.861864451242
-179.987571776035
-179.942156205346
179.864346180380
-179.691382430723
179.636432139939
-179.951612272372
179.800020252204
179.905895373549
179.811038695837
179.992759464586
179.985107042562
179.973265968652
179.852371524265
-179.886492557707
179.972027118451
-179.932237585637
179.850533625701
-179.968007407575
179.987849056208
179.892389500209
-179.829574573307
179.833381087159
179.871216977983
179.962358942136
179.699269787964
179.873187209675
-179.926053378126
-179.947831228556
-179.934766053508
-179.837221351219
-179.993261550021
179.949440162271
179.940654065334
179.956494541570
-179.960226685404
-179.992329355433
179.914118379541
179.924412401076
-179.823963774586
-179.905210823559
179.979706010315
179.845825515996
-179.818320460690
